1 0.000351237253312715 0.0500012018999021 8.50401761950774e-06
0 0.99740969939123 -1.20584922059992e-05 0.0499356861721391
0 0.0140494901325067 1.00004807599582 0.000340160704780264
0 -0.103612024350798 -0.000482339688239906 0.997427446885298
1 0.000337814104931784 0.0499780229050596 1.33761914481992e-05
0 0.997478947573678 0.000223022279759221 0.0499291584506515
0 0.013512564197264 0.99912091620127 0.000535047657927584
0 -0.100842097052838 0.00892089119035969 0.997166338024944
1 0.000324390956550853 0.0499548439102171 1.82483652768907e-05
0 0.997548195756126 0.000458103051724441 0.0499226307291638
0 0.0129756382620214 0.998193756406722 0.000729934611074904
0 -0.0980721697548782 0.0183241220689593 0.996905229164591
1 0.000301077534745628 0.0499345882476954 2.15276295018273e-05
0 0.997642978704535 0.000677472372250847 0.0499191747185421
0 0.0120431013898132 0.997383529905834 0.000861105180072233
0 -0.0942808518185186 0.0270988948900068 0.996766988739703
1 0.000277764112940403 0.0499143325851736 2.48068937267639e-05
0 0.997737761652944 0.000896841692777254 0.0499157187079203
0 0.011110564517605 0.996573303404946 0.000992275749069562
0 -0.0904895338821589 0.0358736677110543 0.996628748314816
1 0.000248328988266561 0.0498984500278132 2.58511505697037e-05
0 0.997850066328349 0.00109611207966886 0.0499162788711997
0 0.00993315953076482 0.995938001136558 0.00103404602280121
0 -0.0859973468670062 0.043844483187399 0.99665115487204
1 0.000218893863592719 0.0498825674704527 2.68954074126435e-05
0 0.997962371003755 0.00129538246656046 0.0499168390344792
0 0.00875575454392463 0.99530269886817 0.00107581629653285
0 -0.0815051598518535 0.0518152986637437 0.996673561429263
1 0.000187506351551049 0.0498721161807174 2.55670569176135e-05
0 0.998084038081519 0.00147133394682121 0.0499213172270941
0 0.00750025406223345 0.994884647280406 0.00102268227673107
0 -0.0766384767412058 0.0588533578743925 0.996852689135527
1 0.00015611883950938 0.049861664890982 2.42387064225834e-05
0 0.998205705159284 0.00164728542708196 0.049925795419709
0 0.00624475358054227 0.994466595692643 0.000969548256929276
0 -0.0717717936305581 0.0658914170850413 0.99703181684179
1 0.000126686124587551 0.0498573783039083 2.0892839467285e-05
0 0.998330104656033 0.00179776655572118 0.0499332075838871
0 0.00506744498363761 0.994295132209689 0.000835713578713761
0 -0.066795813758957 0.0719106622287941 0.997328303359023
1 9.7253409665722e-05 0.0498530917168345 1.75469725119867e-05
0 0.998454504152782 0.00194824768436039 0.0499406197480653
0 0.00389013638673296 0.994123668726735 0.000701878900498246
0 -0.0618198338873558 0.0779299073725469 0.997624789876255
1 7.3111532466339e-05 0.049855480438372 1.29597830424855e-05
0 0.998576995928797 0.0020720253928877 0.0499494150714409
0 0.0029244612986896 0.994219217539525 0.000518391321706238
0 -0.0569201628466893 0.0828810157133107 0.997976602805727
1 4.8969655266956e-05 0.0498578691599095 8.37259357298438e-06
0 0.998699487704812 0.00219580310141501 0.0499582103948165
0 0.00195878621064624 0.994314766352315 0.000334903742914229
0 -0.0520204918060227 0.0878321240540745 0.998328415735199
1 3.27662840234218e-05 0.0498673307398563 3.64263673461292e-06
0 0.998817262827071 0.00229242071961089 0.0499666419828912
0 0.00131065136091134 0.994693229543536 0.000145705469382569
0 -0.0473094869157859 0.0916968287817986 0.998665679258176
1 1.65629127798875e-05 0.0498767923198032 -1.08732010375854e-06
0 0.998935037949331 0.00238903833780677 0.0499750735709659
0 0.00066251651117645 0.995071692734757 -4.34928041490909e-05
0 -0.0425984820255491 0.0955615335095227 0.999002942781153
1 1.02234158959611e-05 0.0498937046615167 -4.64404074524875e-06
0 0.999046740696611 0.00245871781951499 0.049981539756513
0 0.000408936635826684 0.995748186403281 -0.000185761629804608
0 -0.0381303721344394 0.0983487127777714 0.999261590203032
1 3.88391901203465e-06 0.0499106170032303 -8.20076138673897e-06
0 0.999158443443892 0.00252839730122321 0.0499880059420602
0 0.000155356760476918 0.996424680071804 -0.000328030455460126
0 -0.0336622622433297 0.10113589204602 0.999520237624911
1 8.59340762569908e-06 0.0499353900067079 -9.16041844632991e-06
0 0.99926395727256 0.00257198859772776 0.0499913340237184
0 0.000343736305018079 0.99741560021088 -0.00036641673784266
0 -0.0294417090967552 0.102879543906152 0.999653360891236
1 1.33028962393635e-05 0.0499601630101855 -1.01200755059208e-05
0 0.999369471101227 0.00261557989423231 0.0499946621053766
0 0.00053211584955924 0.998406520349956 -0.000404803020225193
0 -0.0252211559501806 0.104623195766284 0.999786484157561
1 2.95493272572696e-05 0.0499932348491202 -7.06058263887204e-06
0 0.9994698923235 0.00263451465927385 0.0499943198873231
0 0.0011819730902568 0.999729393907304 -0.00028242330554676
0 -0.0212043070593717 0.105380586367924 0.999772795435421
1 4.57957582751757e-05 0.0500263066880548 -4.00108977182324e-06
0 0.999570313545774 0.00265344942431539 0.0499939776692696
0 0.00183183033095435 1.00105226746465 -0.000160043590868327
0 -0.0171874581685629 0.106137976969563 0.999759106713281
1 7.35077105011067e-05 0.0500680751385239 4.39628958791045e-06
0 0.999668190933271 0.00264963555383322 0.0499902142083394
0 0.00294030841995972 1.00272300548337 0.000175851583511361
0 -0.0132723626687801 0.105985422150281 0.999608568276075
1 0.000101219662727038 0.0501098435889929 1.27936689476441e-05
0 0.999766068320768 0.00264582168335106 0.0499864507474091
0 0.00404878650896509 1.00439374350208 0.00051174675789105
0 -0.00935726716899741 0.105832867330999 0.999458029838868
1 0.000140087687424423 0.0501605230115978 2.76676984448584e-05
0 0.99986573603779 0.00262140992417991 0.0499803636938119
0 0.00560350749681579 1.00642092040622 0.00110670793776251
0 -0.00537055848823864 0.104856396964181 0.999214547694988
1 0.000178955712121808 0.0502112024342027 4.25417279420726e-05
0 0.999965403754812 0.00259699816500877 0.0499742766402147
0 0.00715822848466649 1.00844809731035 0.00170166911763397
0 -0.00138384980747987 0.103879926597364 0.998971065551108
1 0.000231958280306096 0.0502725026972316 6.67979047560087e-05
0 1.00007715644292 0.00254966905020798 0.0499682878673249
0 0.00927833121197703 1.01090010783144 0.00267191619016351
0 0.00308625771668793 0.101986762005387 0.998731514635521
1 0.000284960848490383 0.0503338029602604 9.10540815699448e-05
0 1.00018890913103 0.00250233993540719 0.049962299094435
0 0.0113984339392876 1.01335211835252 0.00364216326269306
0 0.00755636524085574 0.100093597413409 0.998491963719933
1 0.000337963416674671 0.0503951032232893 0.000115310258383881
0 1.00030066181913 0.00245501082060641 0.0499563103215452
0 0.0135185366665981 1.01580412887361 0.0046124103352226
0 0.0120264727650235 0.0982004328214324 0.998252412804346
1 0.000407507443049795 0.0504653008779107 0.000150059120524035
0 1.00043762235386 0.00238563670445272 0.0499543387315254
0 0.0163002977215231 1.01861203505838 0.00600236482078881
0 0.0175048941540882 0.0954254681753649 0.998173549203557
1 0.000477051469424919 0.050535498532532 0.00018480798266419
0 1.0005745828886 0.00231626258829904 0.0499523671415056
0 0.019082058776448 1.02141994124315 0.00739231930635502
0 0.0229833155431528 0.0926505035292973 0.998094685602769
1 0.000565434105485501 0.0506094291986943 0.000228965104631922
0 1.00074711008656 0.00222711381609335 0.0499575995998793
0 0.0226173642187697 1.02437716788956 0.00915860418501352
0 0.0298844034619369 0.0890845526419983 0.998303983958798
1 0.000653816741546084 0.0506833598648566 0.000273122226599655
0 1.00091963728452 0.00213796504388766 0.049962832058253
0 0.0261526696610913 1.02733439453597 0.010924889063672
0 0.036785491380721 0.0855186017546992 0.998513282314828
1 0.000771744928789562 0.0507552321950366 0.000327984421968761
0 1.00114805575611 0.00202258606452191 0.0499790117063652
0 0.0308697971506948 1.03020928774308 0.0131193768783732
0 0.0459222302468274 0.0809034425836108 0.99916046832922
1 0.00088967311603304 0.0508271045252165 0.000382846617337867
0 1.00137647422771 0.00190720708515616 0.0499951913544773
0 0.0355869246402983 1.0330841809502 0.0153138646930743
0 0.0550589691129337 0.0762882834125224 0.999807654343611
1 0.00105829468161628 0.0508868761291279 0.000450737409888659
0 1.00169783799899 0.00175203551098497 0.0500263333201656
0 0.0423317872637077 1.03547504511508 0.018029496395138
0 0.0679135199653465 0.0700814204451642 1.00105333297124
1 0.00122691624719952 0.0509466477330393 0.000518628202439452
0 1.00201920177028 0.00159686393681378 0.0500574752858538
0 0.0490766498871171 1.03786590927996 0.0207451280972017
0 0.0807680708177593 0.0638745574778061 1.00229901159887
1 0.00149036199456649 0.0509777113452344 0.000604052941389007
0 1.00251709158047 0.00137681195677046 0.0501084077940005
0 0.0596144797829863 1.03910845381219 0.0241621176556775
0 0.100683663226979 0.0550724782753489 1.00433631192491
1 0.00175380774193345 0.0510087749574294 0.000689477680338562
0 1.00301498139066 0.00115675997672713 0.0501593403021472
0 0.0701523096788555 1.04035099834441 0.0275791072141534
0 0.120599255636198 0.0462703990728918 1.00637361225094
1 0.0022162376965444 0.0509850141502079 0.000801906268462606
0 1.00392034047321 0.000828071250358854 0.0502382843811191
0 0.0886495078627377 1.03940056603401 0.0320762507388641
0 0.156813618941266 0.0331228500170791 1.00953137541008
1 0.00267866765115536 0.0509612533429863 0.000914334856586649
0 1.00482569955576 0.000499382523990575 0.050317228460091
0 0.10714670604662 1.03845013372361 0.0365733942635749
0 0.193027982246334 0.0199753009612663 1.01268913856922
1 0.00363155645448758 0.0508441431128923 0.00107587268756305
0 1.00692758245417 -1.21785447049519e-05 0.0504468185409142
0 0.145262258183006 1.03376572454994 0.0430349075034088
0 0.277103298189751 -0.00048714178823815 1.01787274180257
1 0.0045844452578198 0.0507270328827982 0.00123741051853946
0 1.00902946535259 -0.000523739613400479 0.0505764086217374
0 0.183377810319392 1.02908131537626 0.0494964207432427
0 0.361178614133168 -0.0209495845377426 1.02305634503593
1 0.00697036903807354 0.0504645087358185 0.00150236073000398
0 1.01558197730396 -0.00133977150288089 0.0508425791926456
0 0.278814761535082 1.01858034953217 0.0600944292030777
0 0.623279092200081 -0.0535908601189404 1.03370316786499
1 0.00935629281832728 0.0502019845888388 0.0017673109414685
0 1.02213448925534 -0.00215580339236131 0.0511087497635538
0 0.374251712750772 1.00807938368807 0.0706924376629126
0 0.885379570266995 -0.0862321357001381 1.04434999069405
1 0.015352863545238 0.049750141327108 0.00221707922489218
0 1.04395696166966 -0.00339971623326398 0.0517783154578034
0 0.614114541758676 0.990005653013764 0.0886831689903184
0 1.75827846677851 -0.13598864933092 1.07113261835942
1 0.0213494342721487 0.0492982980653773 0.00266684750831587
0 1.06577943408398 -0.00464362907416666 0.0524478811520529
0 0.85397737076658 0.971931922339457 0.106673900317724
0 2.63117736329002 -0.185745162961703 1.09791524602478
1 0.0234681346369829 0.0488621751776974 0.00287500875166001
0 1.09097017551346 -0.00570643447564605 0.0531240721459751
0 0.938725385348101 0.9544870068347 0.115000350050326
0 3.63880702050277 -0.228257379023508 1.12496288581182
1 0.025586835001817 0.0484260522900175 0.00308316999500414
0 1.11616091694293 -0.00676923987712543 0.0538002631398972
0 1.02347339992962 0.937042091329943 0.123326799782927
0 4.64643667771553 -0.270769595085314 1.15201052559886
1 0.012279551147847 0.048454043849935 0.00233589749643804
0 1.07224432376657 -0.00621789031941079 0.0525330484715183
0 0.491182045845224 0.938161753726487 0.0934358998444612
0 2.88977295070833 -0.248715612785903 1.10132193894657
1 -0.00102773270612305 0.0484820354098525 0.00158862499787193
0 1.0283277305902 -0.00566654076169615 0.0512658338031395
0 -0.0411093082391756 0.939281416123032 0.063544999905995
0 1.13310922370114 -0.226661630486493 1.05063335229428
1 -0.00229182147182494 0.0485308864327959 0.001135463210242
0 1.01548345021744 -0.00510850435128193 0.0507803490978227
0 -0.0916728588601838 0.941235457040493 0.0454185284033317
0 0.619338008748422 -0.204340174068087 1.03121396408001
1 -0.00355591023752684 0.0485797374557392 0.000682301422612077
0 1.00263916984468 -0.0045504679408677 0.0502948643925059
0 -0.142236409481192 0.943189497957954 0.0272920569006683
0 0.105566793795702 -0.182018717649682 1.01179457586574
1 -0.00282828646336866 0.0486032500905869 0.00044593438489776
0 1.00122075264889 -0.00428092949280013 0.0501721613773864
0 -0.113131458527785 0.944130003561203 0.0178373753942581
0 0.0488301059595064 -0.171237179726092 1.00688645526055
1 -0.00210066268921048 0.0486267627254345 0.000209567347183442
0 0.999802335453099 -0.00401139104473255 0.0500494583622668
0 -0.0840265075743774 0.945070509164452 0.00838269388784796
0 -0.00790658187668883 -0.160455641802502 1.00197833465537
1 -0.00159731212192647 0.0486681085288268 7.8505694689456e-05
0 0.999794285848148 -0.00386984468408747 0.0500221138169802
0 -0.0638924848818377 0.94672434130675 0.00314022778774691
0 -0.00822856607476363 -0.154793787376233 1.00088455284381
1 -0.00109396155464245 0.048709454332219 -5.25559578045301e-05
0 0.999786236243197 -0.0037282983234424 0.0499947692716937
0 -0.0437584621892979 0.948378173449048 -0.00210223831235415
0 -0.00855055027283842 -0.149131932949965 0.999790771032262
1 -0.000818752015069375 0.0487761351804603 -0.000121820040986085
0 0.99985474495436 -0.00364222548682882 0.050005466573343
0 -0.0327500806054692 0.951045407378918 -0.00487280163984426
0 -0.00581020182609621 -0.145689019485138 1.00021866309827
1 -0.000543542475496299 0.0488428160287016 -0.00019108412416764
0 0.999923253665522 -0.00355615265021524 0.0500161638749923
0 -0.0217416990216406 0.953712641308788 -0.00764336496733437
0 -0.00306985337935399 -0.142246106020312 1.00064655516428
1 -0.000391693848008879 0.0489287522555416 -0.000222533116236393
0 0.999911934004633 -0.00349871957560678 0.050041374131124
0 -0.0156677539216441 0.957150090382673 -0.00890132465018799
0 -0.00352263981498917 -0.139948783035784 1.00165496540963
1 -0.000239845220521459 0.0490146884823817 -0.000253982108305146
0 0.999900614343743 -0.00344128650099833 0.0500665843872557
0 -0.0095938088216476 0.960587539456559 -0.0101592843330416
0 -0.00397542625062434 -0.137651460051257 1.00266337565498
1 -0.000148536179554176 0.0491114643501567 -0.000261910568655491
0 0.999820342102248 -0.00340245019047901 0.0500927830617318
0 -0.00594144718265583 0.964458574167876 -0.0104764227470815
0 -0.00718631591066352 -0.136098007630357 1.00371132263411
1 -5.72271385868937e-05 0.0492082402179316 -0.000269839029005836
0 0.999740069860754 -0.0033636138799597 0.050118981736208
0 -0.00228908554366406 0.968329608879193 -0.0107935611611214
0 -0.0103972055707027 -0.134544555209456 1.00475926961324
1 4.63248924682193e-06 0.0493086453991034 -0.000262901877973102
0 0.99961839144238 -0.00333847964680686 0.0501380254956222
0 0.000185299569888121 0.972345816126395 -0.0105160751197892
0 -0.0152643423060404 -0.13353918588326 1.00552101998988
1 6.64921170805375e-05 0.0494090505802752 -0.000255964726940369
0 0.999496713024007 -0.00331334541365402 0.0501570692550364
0 0.0026596846834403 0.976362023373597 -0.0102385890784571
0 -0.0201314790413781 -0.132533816557064 1.00628277036651
1 0.000112961625461477 0.0495076248846908 -0.000239549521666197
0 0.999358315693999 -0.00329820542010048 0.0501645989724698
0 0.00451846501850413 0.980304995456863 -0.0095819808670252
0 -0.0256673722421642 -0.131928216814873 1.00658395906387
1 0.000159431133842416 0.0496061991891064 -0.000223134316392025
0 0.99921991836399 -0.00328306542654694 0.0501721286899032
0 0.00637724535356796 0.984247967540129 -0.00892537265559335
0 -0.0312032654429502 -0.131322617072681 1.00688514776123
1 0.000195767573391969 0.0496989617496247 -0.000200856912066648
0 0.999085159531995 -0.00327430833797181 0.0501667161398566
0 0.00783070293548092 0.987958469944286 -0.00803427648251938
0 -0.0365936187232204 -0.130972333529647 1.00666864575934
1 0.000232104012941521 0.0497917243101429 -0.000178579507741271
0 0.998950400699999 -0.00326555124939667 0.0501613035898099
0 0.00928416051739388 0.991668972348444 -0.00714318030944541
0 -0.0419839720034906 -0.130622049986613 1.00645214375746
1 0.000259281613696401 0.0498758448736227 -0.000153172992762995
0 0.998835307475231 -0.0032595733038671 0.0501438833044193
0 0.0103712645475578 0.99503379488754 -0.00612691971034364
0 -0.0465877009945984 -0.13038293216541 1.00575533234178
1 0.00028645921445128 0.0499599654371025 -0.00012776647778472
0 0.998720214250463 -0.00325359535833752 0.0501264630190287
0 0.0114583685777217 0.998398617426637 -0.00511065911124186
0 -0.0511914299857062 -0.130143814344207 1.0050585209261
1 0.000303873383812202 0.0500335469300395 -0.000101539572336766
0 0.998635682931514 -0.00324697986592245 0.0500997929701173
0 0.0121549353521385 1.00134187714403 -0.00406158289335387
0 -0.0545726827413481 -0.129879194641904 1.00399171888174
1 0.000321287553173124 0.0501071284229764 -7.53126668888126e-05
0 0.998551151612565 -0.00324036437350738 0.0500731229212059
0 0.0128515021265554 1.00428513686142 -0.00301250667546587
0 -0.05795393549699 -0.1296145749396 1.00292491683738
1 0.000328472054072659 0.0501690684401814 -5.03090283204245e-05
0 0.998501815811395 -0.00323002351608563 0.0500411370757879
0 0.0131388821625285 1.00676273754955 -0.00201236113275911
0 -0.0599273675430861 -0.129200940641226 1.00164548299733
1 0.000335656554972193 0.0502310084573865 -2.53053897520364e-05
0 0.998452480010226 -0.00321968265866389 0.0500091512303699
0 0.0134262621985017 1.00924033823768 -0.00101221559005235
0 -0.0619007995891822 -0.128787306342852 1.00036604915727
1 0.000331392324412575 0.0502779250489883 -4.30005732694203e-06
0 0.998442661875681 -0.00320067334666288 0.0499768667712289
0 0.0132556929761218 1.0111170019017 -0.000172002293072735
0 -0.0622935249709908 -0.128026933862834 0.999074670791673
1 0.000327128093852957 0.0503248416405902 1.67052750981523e-05
0 0.998432843741135 -0.00318166403466188 0.049944582312088
0 0.013085123753742 1.01299366556572 0.000668211003906878
0 -0.0626862503527994 -0.127266561382816 0.997783292426072
1 0.000322863863293338 0.050371758232192 3.77106075232467e-05
0 0.998423025606589 -0.00316265472266088 0.049912297852947
0 0.0129145545313622 1.01487032922974 0.00150842430088649
0 -0.0630789757346079 -0.126506188902797 0.996491914060471
1 0.000310475593518785 0.0504039615046162 5.30599676120951e-05
0 0.998440379250099 -0.00313141353394956 0.0498850070042454
0 0.0124190237403943 1.01615846012667 0.00212239870442277
0 -0.0623848299942492 -0.12525654135438 0.995400280112435
1 0.000298087323744231 0.0504361647770405 6.84093277009436e-05
0 0.998457732893608 -0.00310017234523824 0.0498577161555437
0 0.0119234929494264 1.01744659102361 0.00273637310795906
0 -0.0616906842538904 -0.124006893805964 0.9943086461644
1 0.000283192187525188 0.0504571738870844 7.85020896553067e-05
0 0.998482929456292 -0.00305604064032969 0.0498376085972383
0 0.0113276875006818 1.01828695542534 0.00314008358612197
0 -0.0606828217465842 -0.122241625609672 0.993504343832208
1 0.000268297051306144 0.0504781829971283 8.85948516096697e-05
0 0.998508126018975 -0.00301190893542114 0.0498175010389329
0 0.0107318820519372 1.01912731982707 0.00354379406428489
0 -0.059674959239278 -0.120476357413381 0.992700041500017
1 0.000254604543289532 0.0504887301303277 9.35011129832675e-05
0 0.998529397838341 -0.00295221794748516 0.0498057719362408
0 0.0101841817312884 1.01954920515503 0.00374004451922315
0 -0.0588240864649519 -0.118088717896564 0.992230877402295
1 0.00024091203527292 0.0504992772635271 9.84073743568652e-05
0 0.998550669657707 -0.00289252695954918 0.0497940428335487
0 0.0096364814106397 1.019971090483 0.00393629497416142
0 -0.0579732136906258 -0.115701078379746 0.991761713304573
1 0.000231597477477556 0.0505001338100515 9.87190551080244e-05
0 0.998558919534256 -0.00281468335123835 0.0497905978708896
0 0.00926389909883583 1.02000535234398 0.00394876220420743
0 -0.0576432186299923 -0.112587334049888 0.991623914843537
1 0.000222282919682191 0.050500990356576 9.90307358591836e-05
0 0.998567169410804 -0.00273683974292752 0.0497871529082304
0 0.00889131678703197 1.02003961420495 0.00396122943425344
0 -0.0573132235693589 -0.10947358972003 0.991486116382501
1 0.000219512849591462 0.0504929144437259 9.57337512501422e-05
0 0.998557025449748 -0.00263859770814496 0.0497908254675352
0 0.00878051398344072 1.0197165776988 0.00382935004990843
0 -0.0577189820116207 -0.105543908328622 0.991633018754696
1 0.000216742779500733 0.0504848385308758 9.24367666411008e-05
0 0.998546881488692 -0.0025403556733624 0.04979449802684
0 0.00866971117984947 1.01939354119265 0.00369747066556343
0 -0.0581247404538826 -0.101614226937215 0.991779921126891
1 0.000221466980152277 0.0504685697116033 8.6749885396137e-05
0 0.998516698433578 -0.0024201213689184 0.0498033604288874
0 0.00885867920612219 1.01874278846994 0.00346999541584856
0 -0.0593320626584809 -0.0968048547593261 0.992134417208795
1 0.000226191180803821 0.0504523008923307 8.10630041511732e-05
0 0.998486515378464 -0.0022998870644744 0.0498122228309347
0 0.0090476472323949 1.01809203574722 0.00324252016613368
0 -0.0605393848630793 -0.0919954825814373 0.992488913290699
1 0.000238083616842222 0.0504285861068809 7.42595208400558e-05
0 0.998437958900226 -0.00215697553376268 0.0498239572513782
0 0.00952334467394367 1.0171434443292 0.00297038083368171
0 -0.0624816439926242 -0.0862790213528155 0.992958290108451
1 0.000249976052880623 0.050404871321431 6.74560375289384e-05
0 0.998389402421989 -0.00201406400305096 0.0498356916718217
0 0.00999904211549243 1.01619485291118 0.00269824150122973
0 -0.0644239031221692 -0.0805625601241938 0.993427666926203
1 0.000267593759426601 0.0503745027805659 6.06872103217723e-05
0 0.998326544280628 -0.00184883512544954 0.0498479860117315
0 0.0107037503773504 1.01498011127655 0.00242748841293584
0 -0.0669382287766082 -0.0739534050199009 0.993919440520391
1 0.000285211465972579 0.0503441342397009 5.39183831146062e-05
0 0.998263686139266 -0.00168360624784812 0.0498602803516412
0 0.0114084586392084 1.01376536964191 0.00215673532464195
0 -0.0694525544310471 -0.0673442499156081 0.99441121411458
1 0.00030614031506223 0.0503079766801117 4.80415760366e-05
0 0.998192484399627 -0.00149744856465196 0.0498712552823653
0 0.0122456126028046 1.01231906725664 0.0019216630415143
0 -0.0723006240157297 -0.0598979425868937 0.994850211318079
1 0.000327069164151882 0.0502718191205226 4.21647689585937e-05
0 0.998121282659988 -0.0013112908814558 0.0498822302130894
0 0.0130827665664008 1.01087276487136 0.00168659075838666
0 -0.0751486936004124 -0.0524516352581794 0.995289208521578
1 0.00034816240632733 0.0502308111030457 3.75967938241542e-05
0 0.998049072740555 -0.00110645613214674 0.0498908418754297
0 0.0139264962532486 1.00923244414605 0.00150387175298696
0 -0.0780370903777287 -0.0442582452858254 0.995633675015192
1 0.000369255648502779 0.0501898030855689 3.30288186897147e-05
0 0.997976862821122 -0.000901621382837686 0.04989945353777
0 0.0147702259400964 1.00759212342075 0.00132115274758727
0 -0.0809254871550449 -0.0360648553134714 0.995978141508805
1 0.000387036254502894 0.0501449324504475 2.96540251969103e-05
0 0.997911594748525 -0.000680973846850644 0.0499057801926591
0 0.0154814501801004 1.00579729801591 0.00118616100787523
0 -0.083536210058905 -0.0272389538739985 0.996231207704367
1 0.000404816860503009 0.0501000618153261 2.62792317041059e-05
0 0.997846326675929 -0.000460326310863603 0.0499121068475481
0 0.0161926744201044 1.00400247261107 0.0010511692681632
0 -0.0861469329627651 -0.0184130524345257 0.996484273899928
1 0.000416233792218206 0.0500523404519548 2.34630157674674e-05
0 0.997794799850946 -0.0002271207127935 0.0499173660409745
0 0.0166493516887192 1.00209361807707 0.000938520630698125
0 -0.0882080059620901 -0.00908482851173092 0.996694641636981
1 0.000427650723933403 0.0500046190885835 2.0646799830829e-05
0 0.997743273025962 6.08488527660226e-06 0.0499226252344008
0 0.0171060289573339 1.00018476354307 0.000825871993233051
0 -0.090269078961415 0.000243395411063847 0.996905009374035