0.00503596176506367 -0.00807253832370744
-0.00806891400344852 0.0337407291742425
0.20143847060252 -0.322901532948255
-0.322756560137898 1.34962916696952
0.00502658127710784 -0.00803384888788489
-0.00801257078973648 0.0336133813422876
0.201063251084202 -0.321353955515217
-0.320502831589281 1.34453525369076
0.005017200789152 -0.00799515945206234
-0.00795622757602444 0.0334860335103328
0.200688031565883 -0.319806378082179
-0.318249103040665 1.33944134041199
0.00499676443386687 -0.00789739892102463
-0.00784151770816808 0.0332026453126918
0.199870577354476 -0.315895956840672
-0.313660708326412 1.32810581250635
0.00497632807858173 -0.00779963838998692
-0.00772680784031171 0.0329192571150508
0.19905312314307 -0.311985535599165
-0.309072313612159 1.31677028460071
0.00494799605016293 -0.00765323828067357
-0.00756418431243507 0.0325117716692588
0.197919842008885 -0.306129531230544
-0.302567372500952 1.30047086678578
0.00491966402174414 -0.00750683817136022
-0.00740156078455844 0.0321042862234668
0.196786560874699 -0.300273526861924
-0.296062431389745 1.28417144897084
0.00488720170457871 -0.0073238365859531
-0.00720317066221554 0.0316100703961142
0.195488068188213 -0.292953463445703
-0.288126826496074 1.2644028158773
0.00485473938741329 -0.00714083500054599
-0.00700478053987265 0.0311158545687616
0.194189575501727 -0.285633400029482
-0.280191221602403 1.24463418278376
0.004821879281121 -0.00693283938661593
-0.0067824394284038 0.0305714020441409
0.192875171250001 -0.277313575472057
-0.271297577136901 1.22285608176846
0.00478901917482872 -0.00672484377268588
-0.00656009831693494 0.0300269495195202
0.191560766998274 -0.268993750914632
-0.2624039326714 1.20107798075316
0.00475903307740026 -0.00650159800053721
-0.00632385496493528 0.0294635113992373
0.19036132309649 -0.260063920022366
-0.252954198590911 1.17854045593905
0.00472904697997179 -0.00627835222838853
-0.00608761161293562 0.0289000732789545
0.189161879194706 -0.2511340891301
-0.243504464510422 1.15600293112494
0.00470457024889672 -0.0060470143336246
-0.00584501289529069 0.0283415819340941
0.188182809951095 -0.241880573338919
-0.233800515804904 1.13366327733116
0.00468009351782164 -0.00581567643886067
-0.00560241417764576 0.0277830905892337
0.187203740707483 -0.232627057547738
-0.224096567099386 1.11132362353739
0.00466316644309714 -0.00558067396827215
-0.00535833959393077 0.027245991624954
0.186526657718522 -0.223226958724467
-0.214333583751068 1.08983966496682
0.00464623936837264 -0.00534567149768362
-0.00511426501021579 0.0267088926606743
0.185849574729561 -0.213826859901196
-0.204570600402749 1.06835570639625
0.00463850193493678 -0.00510892012648569
-0.00487111641705127 0.0262032350961853
0.185540077392136 -0.204356805053551
-0.194844656676448 1.04812940381727
0.00463076450150092 -0.00487216875528775
-0.00462796782388675 0.0256975775316962
0.18523058005471 -0.194886750205906
-0.185118712950147 1.02790310123829
0.00463374367994717 -0.00463345725558163
-0.00438602330034922 0.0252287614421904
0.185349747192557 -0.185338290217936
-0.175440932008924 1.0091504576586
0.00463672285839343 -0.00439474575587552
-0.0041440787768117 0.0247599453526845
0.185468914330404 -0.175789830229966
-0.165763151067701 0.990397814078901
0.00465216664524795 -0.00415214649244508
-0.00390188018539227 0.0243306961334448
0.186086665804567 -0.166085859693027
-0.156075207411203 0.973227845309806
0.00466761043210248 -0.00390954722901465
-0.00365968159397284 0.0239014469142051
0.18670441727873 -0.156381889156089
-0.146387263754704 0.956057876540712
0.00469783664825793 -0.00365976405177689
-0.00341438284004173 0.0235137423446167
0.187913465924914 -0.146390562066866
-0.136575313597742 0.940549693757623
0.00472806286441339 -0.00340998087453913
-0.00316908408611062 0.0231260377750283
0.189122514571097 -0.136399234977643
-0.12676336344078 0.925041510974533
0.0047816409198321 -0.0031445577507036
-0.00291394296655475 0.0227947533704127
0.191265636787784 -0.125782310024527
-0.116557718658838 0.911790134790289
0.00483521897525081 -0.00287913462686807
-0.00265880184699888 0.0224634689657971
0.193408759004471 -0.115165385071411
-0.106352073876897 0.898538758606045
0.00488879703066953 -0.00261371150303255
-0.00240366072744301 0.0221321845611815
0.195551881221158 -0.104548460118296
-0.0961464290949558 0.885287382421801
0.00497242648477981 -0.00232459833210841
-0.00213159096098216 0.0218657573303627
0.198897059385473 -0.0929839332816624
-0.0852636384368347 0.874630293189356
0.0050560559388901 -0.00203548516118426
-0.00185952119452131 0.0215993300995438
0.202242237549789 -0.0814194064450293
-0.0743808477787136 0.86397320395691
0.00517118010622081 -0.0017192044994162
-0.00156702537943489 0.021395974412653
0.206847204242885 -0.0687681799746703
-0.0626810151759121 0.855838976490351
0.00528630427355153 -0.00140292383764813
-0.00127452956434846 0.0211926187257622
0.211452170935981 -0.0561169535043113
-0.0509811825731105 0.847704749023793
0.00544054699002842 -0.00105136854484999
-0.000955537970924953 0.0210651543831607
0.217621879594879 -0.0420547417927903
-0.0382215188376315 0.842606175357532
0.00559478970650532 -0.000699813252051853
-0.000636546377501446 0.0209376900405593
0.223791588253777 -0.0279925300812692
-0.0254618551021525 0.83750760169127
0.00579587711033667 -0.000304517652818719
-0.00028613641758991 0.0209003712368062
0.23183508440787 -0.0121807061122567
-0.011445456704538 0.836014849541024
0.00599696451416802 9.07779464144148e-05
6.42735423216256e-05 0.0208630524330531
0.239878580561963 0.00363111785675586
0.00257094169307653 0.834522097390777
0.00624999342031358 0.000536461489053279
0.000446578932163514 0.0209279261192631
0.249999736813137 0.0214584595626125
0.0178631572880101 0.837117044839392
0.00650302232645914 0.000982145031692144
0.000828884322005403 0.0209927998054732
0.260120893064311 0.0392858012684692
0.0331553728829437 0.839711992288007
0.00680471897873965 0.00147817549602802
0.00123213403853647 0.0211629599307116
0.272188759152887 0.0591270198416525
0.0492853615455135 0.846518397298103
0.00710641563102017 0.00197420596036389
0.00163538375506754 0.02133312005595
0.284256625241464 0.0789682384148358
0.0654153502080833 0.8533248023082
0.00743549967455587 0.00250636109709145
0.00202538703525005 0.0215943434652118
0.297419986987552 0.100254443885827
0.0810154814166671 0.863773738679533
0.00776458371809158 0.003038516233819
0.00241539031543256 0.0218555668744737
0.310583348733641 0.121540649356819
0.0966156126252508 0.874222675050866
0.00807126795231832 0.00357403430338723
0.00272330015452064 0.0221829846656289
0.322850718108775 0.142961372142707
0.108932006189272 0.887319386694529
0.00837795218654507 0.00410955237295546
0.00303120999360872 0.0225104024567841
0.335118087483908 0.164382094928596
0.121248399753293 0.900416098338192
0.0085844465391413 0.00459371870137465
0.00317140630347101 0.022925973919476
0.343377861552129 0.183748748045979
0.126856252141498 0.917038956799695
0.00879094089173752 0.00507788502979385
0.00331160261333329 0.0233415453821679
0.35163763562035 0.203115401163363
0.132464104529703 0.933661815261198
0.0088122776990529 0.00523739646908478
0.00327498108313233 0.0236299432479194
0.352491107912845 0.209495858734108
0.13099924332356 0.945197729904668
0.00883361450636827 0.0053969079083757
0.00323835955293137 0.0239183411136708
0.353344580205341 0.215876316304853
0.129534382117418 0.956733644548139
0.00864885987177214 0.00489874445913739
0.00308012118878054 0.0232820517338503
0.345954394822529 0.195949778338106
0.123204847556111 0.931282069391926
0.008464105237176 0.00440058100989907
0.00292188282462971 0.0226457623540298
0.338564209439716 0.176023240371359
0.116875312994803 0.905830494235712
0.00814468542723009 0.00382207980272392
0.002620180066998 0.0222366056153886
0.325787417043666 0.152883192087587
0.104807202688542 0.889464224688719
0.00782526561728417 0.00324357859554877
0.00231847730936629 0.0218274488767475
0.313010624647615 0.129743143803816
0.0927390923822811 0.873097955141726
0.00744813771618462 0.00264477669060436
0.0018746081421066 0.0215370960946826
0.297925508636101 0.105791067618043
0.0749843256904326 0.861483843858174
0.00707100981508507 0.00204597478565996
0.0014307389748469 0.0212467433126177
0.282840392624588 0.0818389914322698
0.0572295589985841 0.849869732574623
0.00671312129548862 0.00146567642162622
0.000937719119678926 0.0210709500269552
0.268524851840594 0.0586270568694414
0.0375087647902428 0.842838001147546
0.00635523277589217 0.000885378057592487
0.000444699264510952 0.0208951567412927
0.2542093110566 0.035415122306613
0.0177879705819014 0.835806269720469
0.00605669703755414 0.000349850031963572
-4.15420025651482e-05 0.0208752454136138
0.242267881522096 0.0139940012796941
-0.00166168010274263 0.835009816613244
0.00575816129921611 -0.000185677993665343
-0.000527783269641248 0.0208553340859348
0.230326451987593 -0.00742711974722471
-0.0211113307873867 0.834213363506019
0.00553035042722368 -0.00067328350324962
-0.000988046139785452 0.0210074610576705
0.221214017107146 -0.0269313401322003
-0.0395218455946694 0.840298442375947
0.00530253955523124 -0.0011608890128339
-0.00144830900992966 0.0211595880294062
0.212101582226699 -0.046435560517176
-0.0579323604019522 0.846383521245876
0.00514190320070604 -0.00160946250248693
-0.00188257666344307 0.0214806989500172
0.205676128045162 -0.0643785001047734
-0.0753030665439178 0.859227958071374
0.00498126684618084 -0.00205803599213996
-0.00231684431695649 0.0218018098706282
0.199250673863625 -0.0823214396923708
-0.0926737726858834 0.872072394896872
0.00487864080050142 -0.00247933844673119
-0.00273176392956495 0.02227870932549
0.195145632036111 -0.0991735378774063
-0.109270557191587 0.891148373092913
0.004776014754822 -0.00290064090132242
-0.00314668354217341 0.0227556087803518
0.191040590208596 -0.116025636062442
-0.125867341697291 0.910224351288954
0.00472112395814853 -0.00330457551620714
-0.003549088312885 0.0233693775436564
0.188844958332698 -0.132183020651928
-0.141963532527079 0.934775101823156
0.00466623316147506 -0.00370851013109186
-0.00395149308359659 0.023983146306961
0.1866493264568 -0.148340405241415
-0.158059723356867 0.959325852357358
0.00464937272046116 -0.00410139100335809
-0.00434572634094421 0.0247106653407798
0.185974908814681 -0.164055640130609
-0.173829053652069 0.988426613712506
0.00463251227944726 -0.00449427187562432
-0.00473995959829183 0.0254381843745986
0.185300491172562 -0.179770875019804
-0.189598383947271 1.01752737506765
0.00464499341550744 -0.00487873741573736
-0.00512728156249731 0.0262530590222259
0.185799736614955 -0.195149496623883
-0.205091262516765 1.05012236097543
0.00465747455156762 -0.0052632029558504
-0.00551460352670279 0.0270679336698532
0.186298982057348 -0.210528118227962
-0.220584141086258 1.0827173468832
0.00469169796725613 -0.00563903860891452
-0.0058937511352941 0.0279421553634929
0.187667918684849 -0.225561544350095
-0.235750045419871 1.11768621458045
0.00472592138294463 -0.00601487426197865
-0.00627289874388541 0.0288163770571325
0.189036855312349 -0.240594970472227
-0.250915949753484 1.1526550822777
0.00477543310573993 -0.00638031345097169
-0.0066412602218905 0.0297230040097299
0.191017324224104 -0.255212538031529
-0.265650408870622 1.18892016036778
0.00482494482853523 -0.00674575263996473
-0.00700962169989559 0.0306296309623273
0.192997793135859 -0.26983010559083
-0.280384867987761 1.22518523845786
0.00488614079730189 -0.00709558971719644
-0.00736091040687608 0.0315445589818193
0.195445631886455 -0.283823588679696
-0.294436416266576 1.26178235923649
0.00494733676606855 -0.00744542679442815
-0.00771219911385657 0.0324594870013113
0.197893470637051 -0.297817071768562
-0.308487964545392 1.29837948001512
0.0050085327348352 -0.00779526387165986
-0.00806348782083706 0.0333744150208033
0.200341309387647 -0.311810554857428
-0.322539512824207 1.33497660079374
0.00507638290325132 -0.00812856801645812
-0.0083960625372137 0.0342774192701817
0.203055316124214 -0.325142720648975
-0.33584250147889 1.37109677076784
0.00514423307166743 -0.00846187216125639
-0.00872863725359034 0.0351804235195601
0.20576932286078 -0.338474886440522
-0.349145490133574 1.40721694074194
0.00521476533029115 -0.00878274262672492
-0.00904661004937553 0.0360657597240418
0.208590613205648 -0.351309705058895
-0.361864401964616 1.44263038892019
0.00528529758891487 -0.00910361309219346
-0.00936458284516073 0.0369510959285234
0.211411903550515 -0.364144523677267
-0.374583313795658 1.47804383709844
0.00535730878244761 -0.0094138064650994
-0.00966953543677004 0.0378178632730763
0.214292351291742 -0.376552258593148
-0.386781417461772 1.51271453088757
0.00542931997598036 -0.00972399983800535
-0.00997448802837936 0.0386846306176292
0.217172799032969 -0.388959993509029
-0.398979521127886 1.5473852246767
0.00550207496113253 -0.0100250847939
-0.0102679661976423 0.0395333622162449
0.220082998438973 -0.40100339174447
-0.410718647907699 1.58133448865717
0.00557482994628471 -0.0103261697497947
-0.0105614443669052 0.0403820938148605
0.222993197844976 -0.413046789979912
-0.422457774687512 1.61528375263764
0.00564759043495448 -0.0106183326433979
-0.0108437504803979 0.0412107055925606
0.225903617392592 -0.424733305725475
-0.433750019227523 1.64842822374653
0.00572035092362425 -0.0109104955370011
-0.0111260565938906 0.0420393173702606
0.228814036940208 -0.436419821471039
-0.445042263767533 1.68157269485541
0.00579194076605982 -0.0111914480265374
-0.0113951325503591 0.0428393703835533
0.231677630643149 -0.447657921063134
-0.45580530202656 1.71357481538798
0.00586353060849539 -0.0114724005160738
-0.0116642085068276 0.0436394233968461
0.234541224346091 -0.458896020655229
-0.466568340285586 1.74557693592055
0.00593201232590318 -0.011736630107652
-0.011914849746651 0.044393447116832
0.237280493042476 -0.469465204318639
-0.476593989878793 1.77573788472079
0.00600049404331097 -0.0120008596992301
-0.0121654909864745 0.045147470836818
0.24001976173886 -0.480034387982049
-0.486619639472 1.80589883352104
0.0060630248814779 -0.0122394303386435
-0.0123891005610293 0.0458280041790907
0.242520995265605 -0.48957721355884
-0.495564022453854 1.83312016721056
0.00612555571964483 -0.0124780009780569
-0.012612710135584 0.0465085375213634
0.245022228792349 -0.499120039135632
-0.504508405435707 1.86034150090008
0.00617848630610519 -0.012679089151947
-0.0127977809597884 0.0470794871223556
0.24713945225061 -0.507163566091009
-0.51191123839745 1.88317948491604
0.00623141689256554 -0.012880177325837
-0.0129828517839928 0.0476504367233479
0.24925667570887 -0.515207093046387
-0.519314071359192 1.90601746893201
0.00627067280581196 -0.0130304577096169
-0.0131162985745564 0.0480711292093696
0.250826912235477 -0.521218308390867
-0.524651942981732 1.92284516837286
0.00630992871905838 -0.0131807380933969
-0.01324974536512 0.0484918216953913
0.252397148762083 -0.527229523735348
-0.529989814604271 1.93967286781371
0.00633165593778273 -0.0132675504475224
-0.0133190308931078 0.0487235600418238
0.253266237511058 -0.53070201790037
-0.53276123572378 1.948942401671
0.00635338315650708 -0.0133543628016479
-0.0133883164210956 0.0489552983882563
0.254135326260034 -0.534174512065392
-0.535532656843289 1.95821193552829
0.00635473640234585 -0.0133682743820586
-0.013384005436699 0.0489692430278532
0.254189456093692 -0.534730975282047
-0.535360217467425 1.95876972111217
0.00635608964818462 -0.0133821859624693
-0.0133796944523024 0.0489831876674502
0.254243585927351 -0.535287438498702
-0.535187778091561 1.95932750669605